30.16
30.23
30.35
30.66
30.67
30.86
30.9
30.94
30.95
30.95
30.96
30.98
31.05
31.05
31.17
31.21
31.25
31.4
31.42
31.53
31.54
31.57
31.6
31.69
31.7
31.79
31.82
31.99
32.07
32.08
32.09
32.1
32.48
32.53
32.65
32.92
32.95
33.07
33.09
33.15
33.18
33.21
33.28
33.54
33.56
33.64
33.66
33.79
33.95
34.01
34.03
34.15
34.18
34.29
34.45
34.5
34.51
34.57
34.62
34.65
34.86
34.93
35.0
35.1
35.15
35.21
35.42
35.47
35.51
35.59
35.68
35.7
35.91
35.91
35.95
35.96
35.97
35.98
36.14
36.39
36.4
36.54
36.63
36.65
36.71
36.89
36.95
36.98
37.1
37.11
37.11
37.27
37.39
37.52
37.55
37.56
37.57
37.67
37.68
37.83
37.87
37.94
38.02
38.2
38.24
38.34
38.38
38.4
38.51
38.52
38.53
38.57
38.66
38.68
38.71
38.77
38.92
39.14
39.2
39.23
39.23
39.31
39.35
39.41
39.52
39.58
39.64
39.67
39.69
39.76
39.88
39.88
39.91
40.02
40.11
40.15
40.19
40.24
40.27
40.35
40.35
40.38
40.42
40.49
40.63
40.71
40.74
40.79
40.8
41.05
41.19
41.26
41.27
41.39
41.44
41.48
42.04
42.08
42.09
42.12
42.13
42.14
42.39
42.44
42.58
42.63
42.63
42.67
42.68
42.78
42.81
42.85
42.88
42.89
42.93
42.97
43.0
43.21
43.47
43.5
43.65
43.72
44.07
44.07
44.19
44.25
44.26
44.27
44.28
44.3
44.31
44.36
44.45
44.56
44.57
44.66
44.66
44.69
44.75
44.81
44.84
44.93
45.0
45.0
45.01
45.02
45.03
45.08
45.09
45.12
45.15
45.16
45.34
45.37
45.42
45.76
45.81
45.84
45.86
45.93
46.15
46.41
46.46
46.55
46.59
46.65
46.66
46.74
46.85
46.87
46.88
46.92
47.11
47.15
47.21
47.36
47.56
47.82
47.83
47.85
48.02
48.08
48.1
48.14
48.32
48.53
48.57
48.59
48.69
48.73
48.75
48.81
48.83
49.02
49.05
49.1
49.41
49.42
49.45
49.62
49.65
49.75
49.76
49.79
49.8
49.84
49.85
49.97
50.07
50.09
50.2
50.28
50.35
50.53
50.54
50.55
50.56
50.64
50.71
50.74
50.76
50.87
50.91
51.07
51.08
51.18
51.25
51.33
51.41
51.55
51.6
51.82
51.9
52.03
52.04
52.06
52.17
52.19
52.23
52.23
52.25
52.48
52.51
52.59
52.72
52.76
52.76
52.78
52.79
52.79
52.82
52.9
52.95
52.98
52.99
53.0
53.2
53.25
53.28
53.38
53.46
53.5
53.54
53.55
53.75
53.78
53.8
53.8
53.82
53.84
53.94
54.0
54.09
54.11
54.17
54.29
54.41
54.42
54.42
54.5
54.55
54.56
54.62
54.65
54.72
54.73
54.74
54.77
54.86
54.96
55.11
55.21
55.23
55.25
55.35
55.38
55.41
55.46
55.46
55.5
55.59
55.73
55.74
55.94
55.97
56.12
56.17
56.19
56.43
56.64
56.77
56.85
56.88
56.93
56.97
57.06
57.21
57.41
57.43
57.47
57.56
57.57
57.64
57.7
57.77
57.87
57.93
57.98
57.99
58.06
58.16
58.31
58.31
58.44
58.46
58.54
58.55
58.55
58.58
58.63
58.63
58.65
58.7
58.81
58.85
58.86
58.94
58.97
58.97
59.03
59.08
59.36
59.42
59.43
59.43
59.52
59.59
59.68
59.8
59.94
59.99
60.02
60.05
60.08
60.11
60.12
60.19
60.23
60.29
60.35
60.37
60.43
60.53
60.67
60.69
60.77
60.87
60.88
60.91
60.98
61.04
61.1
61.12
61.17
61.2
61.32
61.58
61.65
61.69
61.75
61.75
61.85
61.87
61.89
61.94
62.02
62.08
62.18
62.19
62.26
62.31
62.47
62.69
62.7
62.82
63.0
63.12
63.22
63.26
63.28
63.47
63.51
63.51
63.57
63.68
63.71
63.79
63.79
63.81
63.89
63.96
64.14
64.23
64.46
64.49
64.67
64.7
64.75
64.77
64.92
64.93
64.98
65.01
65.01
65.02
65.02
65.05
65.08
65.31
65.35
65.37
65.42
65.43
65.44
65.53
65.61
65.64
65.74
65.74
65.75
66.05
66.12
66.14
66.15
66.28
66.33
66.33
66.72
66.74
66.74
66.83
66.91
66.98
67.0
67.01
67.02
67.06
67.08
67.11
67.21
67.22
67.28
67.35
67.44
67.44
67.58
67.61
67.7
67.72
67.75
67.81
67.87
67.92
68.02
68.23
68.27
68.43
68.6
68.7
68.7
68.79
69.09
69.14
69.24
69.4
69.63
69.64
69.75
69.76
69.81
69.85
69.89
70.28
70.31
70.35
70.39
70.42
70.46
70.49
70.5
70.53
70.57
70.63
70.64
70.76
70.82
70.91
71.03
71.15
71.16
71.2
71.22
71.27
71.38
71.45
71.52
71.6
71.65
71.87
71.92
72.02
72.04
72.05
72.12
72.15
72.17
72.19
72.41
72.51
72.51
72.54
72.77
72.84
72.84
72.84
72.92
73.0
73.05
73.21
73.22
73.35
73.39
73.49
73.55
73.57
73.63
73.67
73.83
73.83
73.88
73.93
73.94
74.0
74.03
74.31
74.34
74.42
74.42
74.44
74.49
74.54
74.66
74.74
74.8
75.06
75.13
75.16
75.33
75.41
75.67
75.76
75.81
75.86
75.86
75.9
75.98
76.05
76.17
76.29
76.36
76.43
76.44
76.46
76.49
76.5
76.7
76.78
76.78
76.79
76.91
76.91
76.92
77.11
77.18
77.23
77.26
77.31
77.36
77.41
77.42
77.43
77.47
77.59
77.71
77.72
77.77
77.83
77.95
77.95
77.96
77.98
78.02
78.17
78.21
78.38
78.75
78.86
78.96
78.97
79.04
79.27
79.3
79.36
79.37
79.46
79.5
79.54
79.57
79.69
79.73
79.92
79.93
80.01
80.09
80.12
80.16
80.19
80.2
80.3
80.43
80.48
80.5
80.51
80.57
80.58
80.67
80.67
80.73
80.74
80.87
80.96
80.99
81.0
81.01
81.12
81.22
81.26
81.4
81.52
81.73
81.83
81.84
81.88
82.13
82.14
82.15
82.25
82.36
82.47
82.61
82.66
82.78
82.93
82.94
83.0
83.24
83.33
83.44
83.56
83.68
83.68
83.71
83.76
83.84
83.95
83.97
83.98
84.01
84.2
84.23
84.32
84.47
84.52
84.62
84.67
84.68
84.76
84.9
84.91
84.93
84.97
85.01
85.11
85.19
85.23
85.3
85.3
85.31
85.36
85.38
85.61
85.67
85.8
85.83
85.85
85.85
85.96
86.01
86.01
86.17
86.38
86.47
86.47
86.48
86.56
86.57
86.62
86.72
86.78
86.87
86.96
87.03
87.26
87.26
87.27
87.28
87.48
87.53
87.55
87.6
87.71
87.87
87.89
87.9
87.9
88.02
88.25
88.28
88.34
88.35
88.47
88.6
88.6
88.63
88.64
88.64
88.73
88.81
88.84
88.92
88.92
89.14
89.18
89.19
89.34
89.37
89.37
89.38
89.58
89.58
89.61
89.74
89.9
89.99
90.04
90.09
90.19
90.27
90.28
90.28
90.3
90.41
90.43
90.47
90.51
90.53
90.62
90.63
90.65
90.71
90.89
91.04
91.18
91.3
91.33
91.35
91.41
91.42
91.5
91.56
91.6
91.77
91.8
91.86
91.87
91.95
91.96
92.1
92.16
92.25
92.26
92.27
92.28
92.3
92.31
92.43
92.45
92.48
92.55
92.59
92.6
92.6
92.63
92.65
92.79
92.95
92.96
92.98
92.98
92.99
92.99
93.12
93.2
93.23
93.27
93.36
93.36
93.41
93.44
93.48
93.55
93.62
93.75
93.8
93.85
93.9
93.98
94.1
94.14
94.15
94.16
94.26
94.29
94.38
94.43
94.44
94.81
94.88
94.97
94.98
95.13
95.41
95.48
95.48
95.79
95.79
95.89
95.9
96.05
96.1
96.13
96.31
96.37
96.42
96.43
96.62
96.64
96.67
96.69
96.69
96.72
96.76
96.83
96.87
97.16
97.18
97.21
97.23
97.28
97.3
97.34
97.35
97.47
97.65
97.69
97.71
97.79
97.86
97.99
98.0
98.0
98.05
98.21
98.22
98.24
98.37
98.46
98.47
98.57
98.8
98.8
98.87
98.89
98.94
99.02
99.02
99.06
99.1
99.23
99.28
99.42
99.42
99.49
99.49
99.69
99.85
99.88
99.92
99.95
99.98
